18
17
368
327
309
281
258
231
210
209
206
207
208
257
236
235
232
233
234
280
263
262
259
260
261
308
286
285
282
283
284
326
314
313
310
311
312
367
332
331
328
329
330
230
211
229
215
214
213
212
216
228
218
217
19
222
219
10
16
13
14
15
220
221
223
227
224
226
225
256
237
255
241
240
239
238
242
254
244
243
248
245
246
247
249
253
250
252
251
279
264
278
270
269
266
265
268
267
271
277
272
276
273
275
274
307
287
306
293
292
289
288
291
290
294
305
296
295
297
304
300
303
302
301
325
315
324
316
317
323
319
322
321
320
366
333
365
354
353
338
335
334
337
336
352
351
343
342
340
339
341
350
345
344
349
348
347
346
355
364
356
357
363
359
362
361
360
